

Creating instance with N = 500, R = 501, and fracUniqueH: 0.01, and advFracs: 	0.01, 0.1, 0.2, 0.3, 0.4, 0.49
Using memory: 1202801600 bytes

N,		0.01, 0.1, 0.2, 0.3, 0.4, 0.49
100,	3.77E-001, 4.91E-001, 6.38E-001, 7.95E-001, 9.31E-001, 9.97E-001, 
200,	1.42E-001, 2.41E-001, 4.08E-001, 6.34E-001, 8.72E-001, 9.95E-001, 
300,	5.37E-002, 1.18E-001, 2.61E-001, 5.06E-001, 8.17E-001, 9.94E-001, 
400,	2.03E-002, 5.81E-002, 1.67E-001, 4.04E-001, 7.66E-001, 9.92E-001, 
500,	7.89E-005, 3.23E-003, 2.71E-002, 1.40E-001, 4.83E-001, 9.54E-001, 


Creating instance with N = 500, R = 501, and fracUniqueH: 0.25, and advFracs: 	0.01, 0.1, 0.2, 0.3, 0.4, 0.49
Using memory: 1202801600 bytes

N,		0.01, 0.1, 0.2, 0.3, 0.4, 0.49
100,	1.22E-012, 3.13E-008, 8.94E-005, 1.65E-002, 3.17E-001, 9.48E-001, 
200,	1.51E-024, 1.06E-015, 9.36E-009, 3.36E-004, 1.25E-001, 9.27E-001, 
300,	1.86E-036, 3.62E-023, 9.80E-013, 6.86E-006, 4.94E-002, 9.10E-001, 
400,	2.30E-048, 1.23E-030, 1.03E-016, 1.40E-007, 1.96E-002, 8.96E-001, 
500,	5.06E-062, 7.72E-039, 4.06E-021, 1.66E-009, 6.20E-003, 8.65E-001, 


Creating instance with N = 500, R = 501, and fracUniqueH: 0.5, and advFracs: 	0.01, 0.1, 0.2, 0.3, 0.4, 0.49
Using memory: 1202801600 bytes

N,		0.01, 0.1, 0.2, 0.3, 0.4, 0.49
100,	4.80E-028, 6.53E-014, 6.21E-007, 2.80E-003, 1.99E-001, 9.26E-001, 
200,	2.46E-055, 6.31E-027, 6.40E-013, 1.31E-005, 5.86E-002, 8.98E-001, 
300,	1.26E-082, 6.10E-040, 6.60E-019, 6.19E-008, 1.76E-002, 8.77E-001, 
400,	6.46E-110, 5.90E-053, 6.81E-025, 2.92E-010, 5.33E-003, 8.59E-001, 
500,	1.28E-138, 1.75E-066, 3.65E-031, 9.61E-013, 1.39E-003, 8.31E-001, 


Creating instance with N = 500, R = 501, and fracUniqueH: 0.8, and advFracs: 	0.01, 0.1, 0.2, 0.3, 0.4, 0.49
Using memory: 1202801600 bytes

N,		0.01, 0.1, 0.2, 0.3, 0.4, 0.49
100,	6.16E-048, 4.13E-017, 5.10E-008, 1.11E-003, 1.53E-001, 9.11E-001, 
200,	7.58E-095, 4.61E-033, 6.58E-015, 2.73E-006, 3.91E-002, 8.81E-001, 
300,	9.32E-142, 5.14E-049, 8.48E-022, 6.78E-009, 1.04E-002, 8.57E-001, 
400,	1.15E-188, 5.74E-065, 1.09E-028, 1.68E-011, 2.77E-003, 8.38E-001, 
500,	1.94E-236, 3.02E-081, 9.16E-036, 3.28E-014, 6.70E-004, 8.12E-001, 


Creating instance with N = 500, R = 501, and fracUniqueH: 0.9, and advFracs: 	0.01, 0.1, 0.2, 0.3, 0.4, 0.49
Using memory: 1202801600 bytes

N,		0.01, 0.1, 0.2, 0.3, 0.4, 0.49
100,	9.75E-052, 1.24E-017, 3.24E-008, 9.27E-004, 1.44E-001, 9.08E-001, 
200,	3.04E-102, 4.95E-034, 2.96E-015, 2.03E-006, 3.60E-002, 8.77E-001, 
300,	9.46E-153, 1.98E-050, 2.71E-022, 4.50E-009, 9.30E-003, 8.53E-001, 
400,	2.95E-203, 7.91E-067, 2.48E-029, 9.96E-012, 2.43E-003, 8.33E-001, 
500,	1.83E-254, 1.63E-083, 1.54E-036, 1.78E-014, 5.80E-004, 8.08E-001, 


Creating instance with N = 500, R = 501, and fracUniqueH: 1, and advFracs: 	0.01, 0.1, 0.2, 0.3, 0.4, 0.49
Using memory: 1202801600 bytes

N,		0.01, 0.1, 0.2, 0.3, 0.4, 0.49
100,	5.70E-054, 5.10E-018, 2.28E-008, 8.00E-004, 1.37E-001, 9.05E-001, 
200,	1.64E-106, 9.82E-035, 1.61E-015, 1.60E-006, 3.36E-002, 8.73E-001, 
300,	4.70E-159, 1.89E-051, 1.14E-022, 3.25E-009, 8.52E-003, 8.50E-001, 
400,	1.35E-211, 3.64E-068, 8.02E-030, 6.59E-012, 2.18E-003, 8.29E-001, 
500,	1.02E-264, 3.90E-085, 4.00E-037, 1.10E-014, 5.16E-004, 8.05E-001, 
